Archivo de datos: sg5.dat
z:
0.008599480574996154
W:
0.002093062139724175
-0.0006729122445681968
0
0.008599480574996154
-0.008599480574996154
-0.008599480574996154
-0.008599480574996154
-0.008599480574996154
-0.008599480574996154
0.008599480574996154
0.008599480574996154
0.008599480574996154
0.008599480574996154
-0.008599480574996154
0.008599480574996154
-0.008599480574996154
0.008599480574996154
-0.008599480574996154
-0.008599480574996154
B:
4.769055598091406
CHI:
0
0
0
0
0
0
0
0
0
0
0
0
0
0
0
0
0
0
0
0
0
0
0
0
0
0
0
0
0
0
0
0
0
0
0
0
0
0
0
0
0
0
0
0
0
0
0
0
0
0
0
0
0
0
0
0
0
0
0
0
0
0
0
0
0
0
0
0
0
0
0
0
0
0
0
0
0
0
0
0
0
0
0
0
0
0
0
0
0
0
0
0
0
0
0
0
0
0
0
0
0
0
0
0
0
0
0
0
0
0
0
0
0
0
0
0
0
0
0
0
0
0
0
0
0
0
0
0
0
0
0
0
0
0
0
0
0
0
0
0
0
0
0
0
0
0
0
0
0
0
0
0
0
0
0
0
0
0
0
0
0
0
0
0
0
0
0
0
0
0
0
0
0
0
0
0
0
0
0
0
0
0
0
0
0
0
0
0
0
0
0
0
0
0
0
0
0
0
0
0
0
0
0
0
0
0
0
0
0
0
Tiempo de resolucion:
0.052739999999999995
Numero de variables:
231
Numero de restricciones
248
