Archivo de datos: sg8.dat
z:
127.92813599596943
W:
0.010629383008134423
-0.03659906900804305
0
-11.323849070720629
-11.323849070720629
-0.019392465228560973
-0.054857459813800066
-0.19008170451108652
0.02264981376175645
-10.700111479282864
-0.7706477548096768
11.323849070720629
11.323849070720629
11.323849070720629
11.323849070720629
7.800132168344419
-11.323849070720629
-6.590062875059822
2.5877189231039086
CHI:
0.05757357297600407
0
0
0
0
0
0
0
0
0
0
0
0
0
0
0
0
0
0
0
0
0
0
0
0
0
0
0
0
0
0
0
0
0
0
0
0
0
0
0
0
0
0
0
0
0
0
0
0
0
0
0
0
0
0
0
0
0
0
0
0
0.7305119718140034
0
0
0.020967114122839803
0
0
0
0
0
0
0
0
1.6756493810185198
0
0
0
0
0
0
1.0885977130489692
0
0
0
0.5526726537440467
0
0
0
0
0
0
0
0
0
0
0
0
0
0
0
0
0
0.28874677300251506
0
0.300636322260857
0
0
0
0
0
0
0
0
0
0
0
0
0
0
0
0
0
0
1.768588891120089
0.17022810582714953
0
0
0
2.3904989226683
2.043917251379767
0
1.0712351910836446
0
0
0
0
3.236938557873131
0
0
0
1.9545621731044207
0
1.0723299284125574
0
0.901003720176135
0.08645258457296023
0
0
1.020487878445259
2.8892586783985905
0
0
0
0
0
0
0
0
0
0
0
0
0
0
0
0
0
0
0
0
0
0
0
0
0
0
0
0
0
0
0
0
0
0
0
0
0
0
0
0
0
0
0
0
0
0
0
0
0
0
0
0
0
0
0
0
0
0
0
0
Tiempo de resolucion:
0.032465999999999995
Numero de variables:
231
Numero de restricciones
248
