Archivo de datos: sg7.dat
z:
195.94839246390512
W:
0.004007679556945889
-0.020167486556186193
0
-1.840280296773824
-5.024512652606847
0.1477177942561481
-0.0809763908211889
-0.035623188020993846
0.005478559375882597
17.145391189181
-17.145391189181
-13.998881753432004
17.145391189181
-5.488343211172467
-5.5080945533536125
-17.145391189181
-3.2071534024352255
-17.145391189181
-3.0867422626774985
CHI:
0
0
0
0
0
0
0
0
0
0
0
0.36417691220287907
0
0
0.011486464179284894
0
0
0
0
0
0
1.0344451466503983
0
0
0.39572160170581583
0
0
0
0
0.8287351445279114
0
0
0
0
0
0
0
0
0
0
0
0
0
0
0
0
0
0
0.011144912018153263
0
0
0
0
0
0
0
0
0
0
0
0
0
0
0
0
0
0
0
0
0
0
0
0
2.36909832555469
0
0
0
0
0
0
0
0
0
0
0
0
0
0
0
0
0.5298926551693057
0
0
3.566999529116117
0.41966637013172203
0.21934174512375648
0.5250060635825093
0.6076241480755016
0
0.6591108446729095
0
0.14069956553271368
2.874168801303142
0
3.6618453192076004
4.7166216420896205
0.9726908681866462
0
0.8216846970852885
4.712712607783942
0
0
0
0.8773117279931739
0.2944582152414341
0
0
0
0.24668446304087865
0.5815867160698645
0
0
0
0
0
0.7029011070857791
0
0
0
0
0
0
0
0.734437379458825
0
0
0
0
0
0
0
0
1.0928648336331435
0
0.9819062755412915
0
0
0
0
0
0
0
0
0.11747403316519467
0
0
0
0
0
0
0
0
0.4474604353226823
0
0
0
0
0
0
0
0
0
0
0
0.04022073799296777
0.0251537140735536
0.1752672524261243
0
0
0
0
0
0
0
0
0
0
0
0
0
0
0
0
0
0
0
0
0
0
0
0
0
0
0
0
0
0
0
0
0
Tiempo de resolucion:
0.044449
Numero de variables:
231
Numero de restricciones
248
