Archivo de datos: sg6.dat
z:
251.8952414056854
W:
-0.011076430951927743
-0.002994168304406389
0
0
0
0.39392887466163456
0.14841456711963114
-0.24470041818431268
-0.06041105042194998
0
-0.1808961344934632
-10.464533396868763
0
0
0
0.28974933069748204
10.566364593950562
5.535981223487253
-24.628270115744385
B:
54.057944278933434
CHI:
0
0
0
0
0
0
0
0
0
0
0
0
0
0
0
0
0
0
0
0
0
0
0
0
0
0
0
0
0
0
0
0
0
0
0
0
0
0
0
0
0
0
0
0
0
0
0
0
0
0
0
0
0
0
0
0
0
0
0
0
0
0
0
0
0
0
0
0
0
0
0
0
0
0
0
0
0
0
0
0
0
0
0
0
1.1871049456410625
0
0
0
0
0
0
0
0
0
0
0
0
0
0
0
0
0
0
0
0
0
0
0
0
0
0
0
0
0
0
0
0
0
0
0
0
0
0
0
0
0
0
0
0
0
0
0
0
0
0
0
2.5947922125692395
0
0
0
0
0
0
0
0
0
0
0
0.20546126380569035
0
0
0
0
0
0
0
0
0
0
0
0
0
0
0
0
0
0
0
0
0
0
0
0
0
0
0
0
0
0
0
0
0
0
0
0
0
0
0
0
0
0
0
0
0
0
0
0
0
0
0
0
0
0
0
0
0
0
0
0
0
Tiempo de resolucion:
0.033658999999999994
Numero de variables:
249
Numero de restricciones
248
