Archivo de datos: sg7.dat
z:
1819.684040048246
W:
0.0042025845063681875
-0.02153117457567788
0
-1.531048192328151
-2.2754646070980993
0.15484577252548695
-0.12443105792675514
-0.033365524834216544
0.005844895646581849
0
0.029560423112123403
4.3326897698125775
0
0
0
-0.22972574125783418
-4.428210772367997
-18.498358726138573
-3.378766487774276
B:
-0.8707997709745918
CHI:
0
0
0
0
0
0
0
0
0
0
0
0.2789115361779033
0
0
0
0
0
0
0
0
0
1.0404222589408523
0
0
0.38736684092559676
0
0
0
0
0.7743634599035978
0
0
0
0
0
0
0
0
0.023404708025337756
0
0
0
0
0
0
0
0
0
0
0
0
0
0
0
0
0
0
0
0
0
0
0
0
0
0
0
0
0
0
0
0
0
0
2.7036568033951545
0
0
0
0
0
0
0
0
0
0
0
0
0
0
0
0
0.4214590395526553
0
0
3.7478114210978495
0.35463811028923553
0.04589181306267304
0.5100870317882213
0.4919566726393295
0
0.5522569942521885
0
0.007398364191115947
2.8676940490356744
0
3.8144610691492558
4.787126785999131
0.9115651464576825
0
0.6997378037885547
4.904661211660729
0
0
0
0.7694305792143168
0.4181713048071404
0
0
0
0.1090482106610905
0.3606050008551156
0
0
0
0
0
0.8200017106323393
0
0
0
0
0
0
0
0.7836343185468531
0
0
0
0
0
0
0
0
1.226815717082459
0
1.1225682523010079
0
0
0
0
0
0
0
0
0
0
0
0
0
0
0
0
0
0.5658047021067587
0
0
0
0
0
0
0
0
0
0
0
0.037848080536470485
0.002089591949228198
0.1518312973413095
0
0
0
0
0
0
0
0
0
0
0
0
0
0
0
0
0
0
0
0
0
0
0
0
0
0
0
0
0
0
0
0
0
Tiempo de resolucion:
0.041704999999999964
Numero de variables:
249
Numero de restricciones
248
