Archivo de datos: bcw3.dat
z:
2199.0728106472793
W:
0.23536287366074587
-0.0228006610985335
0.1713762564826395
0.11211598445641008
0.0945778392586902
0.17768162449013508
0.18014264822775466
0.09104447402319757
0.18103805337847878
CHI:
0
2.3995758889375907
0
1.7915984724495368
0
0
0
0
0
0
0
0
1.3276606468095826
0
0
0.32158717265100245
0
0
0
0
0
0
0
0
0.4800712034754584
0
0
0
0
0
0
0
0
0
0
0
0.18087184044630866
0
0.35884031628712487
0
0
0.7689787689787697
0
0
0
0
0
0
0
1.2180056860907915
0
0
0
0
0
0
0
0.4718463441867705
0.11983148153360768
0
0
0.7640218704048484
0
0
0
0
0
0
0
0
0
0
0
0
0
0
0
0
0
0
0
0
0
0
0
0
0
0
0
0
0
0
0
0
0
0
0
0
0
1.664134600304812
0
0.17739745399319987
0
0
0
0
0
0
0
0
0
0
0
0
0.61428278449555
0
0
0
0
0
0
0
0
0
0
0
0
0
0
0
0
0
0
0
0
0
0
0
0
0
0
0
0.5969644693048956
0
0.6608867459931295
0
0
0
0
0
0
0
0
0
0
0
0
0
0
0
0
0
0
0
0
0
0
0
0
0
0
0
0
0.15885398864122366
0
0
0
0
0
0
0
0
0
0
0
0
0
0
0
0
3.736761609102035
0
0
0
0
0
0
0
0
0
0
0
0
0
0
0
0
0
0
0
0
0
0
0
0
0
2.2328080200420626
0
0
0
0
0
0
0
0
0
1.5179261987772623
0
0
0
0
0
0
0.08892928041864201
0
0
0
0
0
0
0
0
0
0
2.74326133900602
0
0
0
0
0
0
2.034408757813013
0
0
0
0
0
0
0
0
0
0
0
0
0
0.8859176093218644
0
0
0
0
0
0
0
0
0
0
0
0
0
0
0
0
0
0
0
1.6613679592403003
0
0
0
0
0
0
0
0
0
0
0
0
0
0
0
0
0
0
0
0
1.8807261360452852
0
0
0
0
0
0
0
0
0
0
0
0
0
0
0
0
0
0
0
0
0
0
0
0
0
0
0
1.207815761007249
0
0
0
1.176543602075517
0
0
0
1.3664257919577074
0
0
0
0
0
0
0
0
0
0
0
0
0
0
0
0
0
0
0
0
0
0
0
0
0
0
0
0
0
0
0
0
0
0
0
0
0
0
0
0
0
0
0
0
0
0
0
0
0
0
0
0
0
0
0
0
0
0.37206496780964976
0
0
0.05277260596409558
0
0
0
0
0
0
0
0
0
0
0
0
0
0
0
2.670687947283691
0
0
0
0
0
0
0
0
0
0
0
0
0
0
0
0
0
0
0
0
0.6231322827067526
0
0
0
0
0
0
0
0
0
0
0
0
0
0
0
0
0
0
0
0
0
0
0
0
0
0
0
0
0
0
0
0
0.9961650387182291
1.4887799568650637
0
0
0
0
1.2424765190722642
0
0
0
0
0
0
0
0
0
0
0
0
0
0
0
0
0
0
0
0
0
0
0
0
0
0
0
0
0
0
0
0
0
0
0
0
0
0
0
0
0
0
0
0
0
0
0
0
0
0
0
0
0
0
0
0
0
0
0
0
0
0
0
0
0
0
0
0
0
0
0
0
0
0
0
0
0
0
0
0
0
0
0
0
0
0
0
0
0
0
0
0
0
0
0
0
0
0
0
0
0
0
0
0
0
0
0
0
0
0
0
0
0
0
0
0
0
0
0
0
0
0
0
0
0
0.911750316005635
0.028508198720964315
0
0
0
0
0
0
0
0
0
0
0
0
0
0
0
0
0
0
0
0
0
0
0
0
0
0
0
0
0
0
0
0
0
0
0.9821093225348541
0
0
0
0
0
0
0
0
0
0
0
0
0
0
0
0
0
0
0
0
0
0
0
0
0
0
0
0
0
0
0
0
0
0
0
0
0
0
0
0
0
Tiempo de resolucion:
0.053005000000000004
Numero de variables:
694
Numero de restricciones
701
