Archivo de datos: sg8.dat
z:
994.7650843146445
W:
0.018035391917169782
-0.09160426614892483
0
-94.85573367147856
-94.85573367147856
0.15450032999325636
-0.2902167473262476
-0.24576365138318668
0.01744976107444874
-94.85573367147856
-0.4005136581397384
94.85573367147856
94.85573367147856
-64.8330003273678
-64.12310150958677
-94.85573367147856
-94.85573367147856
-18.43862904990923
16.426124083522964
B:
-59.45818291151704
CHI:
0
0
0
0
0
0
0
0
0
0
0
0
0
0
0.8678814362672256
0
0
0
0
0
0
0
0.133656739293599
0
0
0
0
0
0
0
0
0
0
0
0
0
0
0
0
0
0
0
0
0
0
0
0
0
0
0
0
0
0
0
0
0
0
0
0
0
0
0
0
0
0
0
0
0
0
0
0
0
0
2.0891513434074227
0
0
0
0
0
0
0.9407919173639598
0
0
0
0
0
0
0
0
0
0
0
0
0
0
0
0
0
0
0
0
0
0.3649764427327682
0
0
0
0
0
0
1.088139717797958
0
0
0
0
0
0
0
0
0
0
0
0
0
0.1387490512088334
0
0
0
0
0.44778712863144676
1.1449172777924446
0
0
0
0
0
0
4.685717428911545
0
0
0
1.3772320322036649
0
0.7830587572289005
0
0.03487754699017387
0
0
0
0.33817735100136304
3.563072842032014
0
0
0
0
0
0
0
0
0
0
0
0
0
0
0
0
0
0
0
0
0
0
0
0
0
0
0
0
0
0
0
0
0
0
0
0
0
0
0
0
0
0
0
0
0
0
0
0
0
0
0
0
0
0
0
0
0
0
0
0
Tiempo de resolucion:
0.03148899999999999
Numero de variables:
231
Numero de restricciones
248
