Archivo de datos: sg6.dat
z:
195.08727994254784
W:
-0.004356043705112514
0.014263212958030578
-60.50961941608747
-60.50961941608747
60.50961941608747
0.7829935273538453
0.32309811590998794
-0.7983236218500926
-0.12823586144003876
60.50961941608747
-14.592960702194027
-60.50961941608747
-10.496406083546304
-60.50961941608747
-53.040077724203115
-60.50961941608747
24.824343406814407
5.87195030744159
-60.50961941608747
B:
-413.35848465236154
CHI:
0
0
0
0
0
0
0
0
0
0
0
0
0
0
0
0
0
0
0
0
0
0
0
0
0
0
0
0
0
0
0
0
0
0
0
0
0
0
0
0
0
0
0
0
0
0
0
0
0
0
0
0
0
0
0
0
0
0
0
0
0
0
0
0
0
0
0
0
0
0
0
0
0
0
0
0
0
0
0
0
0
0
0
0
0
0
0
0
0
0
0
0
0
0
0
0
0
0
0
0
0
0
0
0
0
0
0
0
0
0
0
0
0
0
0
0
0
0
0
0
0
0
0
0
0
0
0
0
0
0
0
0
0
0
0
0
2.6915532105292073
0
0
0
0
0
0
0
0
0
0
0
0
0
0
0
0
0
0
0
0
0
0
0
0
0
0
0
0
0
0
0
0
0
0
0
0
0
0
0
0
0
0
0
0
0
0
0
0
0
0
0
0
0
0
0
0
0
0
0
0
0
0
0
0
0
0
0
0
0
0
0
0
0
Tiempo de resolucion:
0.049871000000000006
Numero de variables:
231
Numero de restricciones
248
