Archivo de datos: sg9.dat
z:
0.17631794025239766
W:
0.0158099236527977
0.1361833452491341
0
0.17631794025239766
-0.17631794025239766
0.17631794025239766
-0.10539239417071389
0.17631794025239766
0.04359664864320621
0.11206034324729175
0.17631794025239766
0.17631794025239766
-0.17631794025239766
0.17631794025239766
0.1278461157794215
-0.17631794025239766
-0.17631794025239766
0.17631794025239766
-0.17631794025239766
B:
34.72453772535909
CHI:
0
0
0
0
0
0
0
0
0
0
0
0
0
0
0
0
0
0
0
0
0
0
0
0
0
0
0
0
0
0
0
0
0
0
0
0
0
0
0
0
0
0
0
0
0
0
0
0
0
0
0
0
0
0
0
0
0
0
0
0
0
0
0
0
0
0
0
0
0
0
0
0
0
0
0
0
0
0
0
0
0
0
0
0
0
0
0
0
0
0
0
0
0
0
0
0
0
0
0
0
0
0
0
0
0
0
0
0
0
0
0
0
0
0
0
0
0
0
0
0
0
0
0
0
0
0
0
0
0
0
0
0
0
0
0
0
0
0
0
0
0
0
0
0
0
0
0
0
0
0
0
0
0
0
0
0
0
0
0
0
0
0
0
0
0
0
0
0
0
0
0
0
0
0
0
0
0
0
0
0
0
0
0
0
0
0
0
0
0
0
0
0
0
0
0
0
0
0
0
0
0
0
0
0
0
0
0
0
0
0
Tiempo de resolucion:
0.04420300000000001
Numero de variables:
231
Numero de restricciones
248
