Archivo de datos: sg4.dat
z:
0.5957492588983785
W:
-0.017627572734286303
0.03686840699760357
0
-0.5957492588983785
-0.5957492588983785
-0.5957492588983785
0.23725497992648725
-0.5957492588983785
-0.5957492588983785
0.5957492588983785
0.5957492588983785
-0.13367108378930573
-0.5957492588983785
0.5957492588983785
0.3706414652701292
-0.5957492588983785
-0.5957492588983785
-0.5957492588983785
0.08461437564381015
B:
4.435806417318528
CHI:
0
0
0
0
0
0
0
0
0
0
0
0
0
0
0
0
0
0
0
0
0
0
0
0
0
0
0
0
0
0
0
0
0
0
0
0
0
0
0
0
0
0
0
0
0
0
0
0
0
0
0
0
0
0
0
0
0
0
0
0
0
0
0
0
0
0
0
0
0
0
0
0
0
0
0
0
0
0
0
0
0
0
0
0
0
0
0
0
0
0
0
0
0
0
0
0
0
0
0
0
0
0
0
0
0
0
0
0
0
0
0
0
0
0
0
0
0
0
0
0
0
0
0
0
0
0
0
0
0
0
0
0
0
0
0
0
0
0
0
0
0
0
0
0
0
0
0
0
0
0
0
0
0
0
0
0
0
0
0
0
0
0
0
0
0
0
0
0
0
0
0
0
0
0
0
0
0
0
0
0
0
0
0
0
0
0
0
0
0
0
0
0
0
0
0
0
0
0
0
0
0
0
0
0
0
0
0
0
0
0
Tiempo de resolucion:
0.020275000000000043
Numero de variables:
231
Numero de restricciones
248
