Archivo de datos: sg91.dat
z:
0.03691910525497218
W:
-0.0005407360549690328
0.01876061293122529
0
0.03691910525497218
-0.03691910525497218
-0.03691910525497218
-0.02473870344150637
0.023141900996899625
-0.03691910525497218
0.013077924254284563
-0.03691910525497218
-0.03691910525497218
0.03691910525497218
-0.03691910525497218
-0.03691910525497218
0.03691910525497218
0.03691910525497218
0.03691910525497218
0.03691910525497218
CHI:
0
0
0
0
0
0
0
0
0
0
0
0
0
0
0
0
0
0
0
0
0
0
0
0
0
0
0
0
0
0
0
0
0
0
0
0
0
0
0
0
0
0
0
0
0
0
0
0
0
0
0
0
0
0
0
0
0
0
0
0
0
0
0
0
0
0
0
0
0
0
0
0
0
0
0
0
0
0
0
0
0
0
0
0
0
0
0
0
0
0
0
0
0
0
0
0
0
0
0
0
0
0
0
0
0
0
0
0
0
0
0
0
0
0
0
0
0
0
0
0
0
0
0
0
0
0
0
0
0
0
0
0
0
0
0
0
0
0
0
0
0
0
0
0
0
0
0
0
0
0
0
0
0
0
0
0
0
0
0
0
0
0
0
0
0
0
0
0
0
0
0
0
0
0
0
0
0
0
0
0
0
0
0
0
0
0
0
0
0
0
0
0
0
0
0
0
0
0
0
0
0
0
0
0
0
0
0
0
0
0
Tiempo de resolucion:
0.033087000000000005
Numero de variables:
231
Numero de restricciones
248
