Archivo de datos: sg7.dat
z:
1798.2194629101834
W:
0.004024004252887599
-0.021916345525148075
0
-1.4158374567427991
-6.251928275470141
0.15808991600638023
-0.12207658784213848
-0.017226828288994557
0.004568259999849928
18.800772415602356
-18.800772415602356
18.800772415602356
-13.159834929482583
-8.127772168887562
-18.800772415602356
-10.25376637621386
-5.707717433172762
-18.800772415602356
-3.3612834969418683
CHI:
0
0
0
0
0
0
0
0
0
0
0
0.31335499699173397
0
0
0
0
0
0
0
0
0
1.0781393694970802
0
0
0.39811251712762896
0
0
0
0
0.8100484503747793
0
0
0
0
0
0
0
0
0.08886599338211454
0
0
0
0
0
0
0
0
0
0
0
0
0
0
0
0
0
0
0
0
0
0
0
0
0
0
0
0
0
0
0
0
0
0
2.6317374520155106
0
0
0
0
0
0
0
0
0
0
0
0
0
0
0
0
0.4535034281495882
0
0
3.7780121591832767
0.3455426244040609
0
0.4792279389353098
0.5139902738417277
0
0.587353564500404
0
0
2.9369082216935567
0
3.911853292342471
4.8693931946703515
0.8683259811143671
0
0.7235735420733818
5.019383348143833
0
0
0
0.804238242841393
0.36843539326423524
0
0
0
0.10959423628037257
0.0038509039034124726
0
0
0
0
0
0.760814616400296
0
0
0
0
0
0
0
0.6979341924636628
0
0
0
0
0
0
0
0
1.1604310447477246
0
1.0545793268800026
0
0
0
0
0
0
0
0
0
0
0
0
0.013643711803297265
0
0
0
0
0.6442329717094708
0
0
0
0
0
0
0
0
0
0
0
0.00601185050982167
0.0035510121824700036
0.1537299584642824
0
0
0
0
0
0
0
0
0
0
0
0
0
0
0
0
0
0
0
0
0
0
0
0
0
0
0
0
0
0
0
0
0
Tiempo de resolucion:
0.043759
Numero de variables:
231
Numero de restricciones
248
