Archivo de datos: sg8.dat
z:
1092.2887924510583
W:
0.009906699924619206
-0.03999916995065878
0
0
-11.23770106307586
-0.007637385552924675
-0.05609578130460552
-0.18069734403619508
0.02046040131667104
0
0
41.35219394113265
0.4529007442996287
-0.5520006210704441
0
0
-41.9741144804639
-7.501773452874851
6.783153377578665
CHI:
0
0
0
0
0
0
0
0
0
0
0
0
0
0
0.37208961166766685
0
0
0
0
0
0
0
0
0
0
0
0
0
0
0
0
0
0
0
0
0
0
0
0
0
0
0
0
0
0
0
0
0
0
0
0
0
0
0
0
0
0
0
0
0
0
0
0
0
0
0
0
0
0
0
0
0
0
0.7686598907940363
0
0
0
0
0
0
0.9574878239374565
0
0
0
0.5734721293398195
0
0
0
0
0.0008129381863550833
0
0
0
0
0
0
0
0
0
0
0
0
0.23023408369826814
0
0
0
0
0
0
0.5755659867721539
0
0
0
0
0
0
0
0
0
0
0
0
0
1.528488764488452
0
0
0
0
1.4258569800571381
1.61585269830019
0
0.9825702356460853
0
0
0
0
3.1462764464340895
0
0
0
1.8627355922761026
0
1.2505558063797433
0
1.0245596483336383
0
0
0
0.8171213718213135
2.5100631516370218
0
0
0
0
0
0
0
0
0
0
0
0
0
0
0
0
0
0
0
0
0
0
0
0
0
0
0
0
0
0
0
0
0
0
0
0
0
0
0
0
0
0
0
0
0
0
0
0
0
0
0
0
0
0
0
0
0
0
0
0
Tiempo de resolucion:
0.017553000000000003
Numero de variables:
249
Numero de restricciones
248
