Archivo de datos: bcw3.dat
z:
7233.070492016097
W:
0.1943332665899483
-0.056526512892841566
0.36420764967204067
0.20233807211366045
0.07699399529569173
0.1538163647445304
0.12140108300310014
0.08104260501631548
0.10293590214686336
B:
3.9446858696919755
CHI:
0
2.9757413466468057
0
2.7657857273305364
0
0
0
0
0
0
0
0
0.9148141710141542
0
0
0
0
0
0
0
0
0
0
0
0
0
0
0
0
0
0
0
0
0
0
0
0
0
0.24237970238317846
0
0
0
0
0
0
0
0
0
0
0.6800608171590627
0
0
0
0
0
0
0
0
0
0
0
0.39997183575846385
0
0
0
0
0
0
0
0
0
0
0
0
0
0
0
0
0
0
0
0
0
0
0
0
0
0
0
0
0
0
0
0
0
0
0
0
0
0.7853950804991217
0
0.2509125874356688
0
0
0
0
0
0
0
0
0
0
0
0
0.8262068267481075
0
0
0
0
0
0
0
0
0
0
0
0
0
0
0
0
0
0
0
0
0
0
0
0
0
0
0
0
0
0.6810597676010018
0
0
0
0
0
0
0
0
0
0
0
0
0
0
0
0
0
0
0
0
0
0
0
0
0
0
0
0
0
0
0
0
0
0
0
0
0
0
0
0
0
0
0
0
0
3.9411059305531406
0
0
0
0
0
0
0
0
0
0
0
0
0
0
0
0
0
0
0
Tiempo de resolucion:
0.017290999999999997
Numero de variables:
229
Numero de restricciones
228
