6.082334 6.082334 113.833905 6.082334
0.607509 0.607509 127.192825 1.725721
0.000000 -0.229490 111.191959 -0.229490
3.280567 3.280567 102.667839 3.379672
3.639879 3.639879 3.639879 3.639879
2.542143 2.542143 116.723709 2.655433
0.000000 6.430455 121.476934 6.430455
2.973100 2.973100 67.685087 3.961041
3.251876 3.251876 3.251876 3.251876
2.215417 2.215417 105.273835 3.376132
6.479584 6.479584 117.053689 6.479584
0.000000 -2.000497 108.146897 -2.000497
2.432194 2.432194 117.069276 4.909922
4.947062 4.947062 102.360754 5.711513
5.077179 5.077179 116.119335 6.174988
0.000000 0.116907 75.476322 0.116907
0.000000 1.098570 113.258351 1.098570
5.672041 5.672041 91.313471 5.775497
7.819426 7.819426 103.461658 7.819426
5.446183 5.446183 108.374591 5.446183
0.000000 5.182133 115.692093 5.182133
0.878133 0.878133 0.878133 0.878133
5.577415 5.577415 103.696704 5.786984
4.706243 4.706243 87.726935 5.036531
5.948850 5.948850 95.316006 5.948850
7.314127 7.314127 98.101165 7.314127
7.138923 7.138923 114.790773 7.138923
2.311314 2.311314 93.109635 3.888773
3.591559 3.591559 136.625064 6.438687
3.036135 3.036135 106.349582 4.705295
6.779278 6.779278 118.525130 7.039049
5.862451 5.862451 119.431215 6.458766
3.892125 3.892125 129.017293 3.892125
2.021393 2.021393 2.021393 2.021393
4.776612 4.776612 131.741737 6.783801
5.908655 5.908655 81.681537 5.908655
5.746811 5.746811 118.132180 6.443032
0.344054 0.344054 129.545465 2.250677
2.694346 2.694346 126.596059 4.204496
6.818040 6.818040 115.536985 6.894971
2.103201 2.103201 135.318475 3.483086
4.087146 4.087146 112.003011 5.251481
4.095741 4.095741 118.475853 4.990757
5.518960 5.518960 102.558634 5.977543
0.000000 3.059241 90.425920 3.059241
5.734574 5.734574 104.704029 5.771160
7.087823 7.087823 116.754808 7.087823
3.928376 3.928376 126.412007 6.580553
3.467613 3.467613 43.758276 3.467613
5.488124 5.488124 120.614441 5.488124
0.529000 0.529001 97.183757 1.202699
6.192749 6.192749 108.304023 6.192749
5.908756 5.908756 130.206863 6.540011
5.349780 5.349780 121.636947 6.696070
3.065782 3.065782 99.689326 4.025275
4.494995 4.494995 72.287064 4.559610
3.576084 3.576084 130.730582 5.469860
4.579057 4.579057 105.200807 5.522202
5.325598 5.325598 99.602469 6.118981
6.173820 6.173820 119.339609 6.366280

