num_adv = 12.6744

num_acc_adv = 5.09496

num_acc_lid = 9.90504

R [*,*,1]
:        1           2           3           4           5          6        :=
1    -9.9863     -4.04067    -0.639821   -0.468517   -7.71788     1.86212
2    -0.741723   -5.47579     8.54873     5.62786    -3.80193    -5.47956
3     6.96371     3.67382     0.573012   -9.10788     0.681606   -8.95795
4    -3.26323     0.887612    7.00296     3.87561    -8.57815    -7.5471
5    -2.6393      1.2217      0.162117   -9.11323     3.27134     9.64499
6     6.59152     7.48092    -4.94675    -6.05353     5.0298      3.14038
7    -9.23281     6.70078    -4.37943     8.3636      5.47626     3.06695
8    -2.91401    -6.69614     1.1542      0.405252    1.17641     4.20048
9    -1.99989    -1.25609    -7.98751     6.18527     0.814972    4.32963
10    4.99515     0.768684   -6.90519    -3.69738     7.21174     8.52487
11   -1.80573     9.35288     7.76393     4.90215    -2.09135     7.81559
12   -6.6717      9.18217     7.81889    -9.28303    -9.96256     8.58092

:        7          8          9        :=
1    -9.31382     2.38703    8.73159
2    -7.46446    -3.47027   -7.55649
3     6.62479    -9.42667   -4.91697
4     0.553577   -5.25237   -2.52112
5     5.68874     8.5717     5.06113
6     3.68437    -9.66988    3.01984
7    -7.7553      8.83166   -2.50311
8    -7.0064     -7.89741    4.10174
9     9.29125     1.8357    -7.99345
10   -5.8458     -6.87976   -6.6506
11    0.805027   -5.55534   -7.87135
12   -4.29144     1.26841   -3.4153

 [*,*,2]
:        1           2           3           4          5           6        :=
1    -0.554772   -1.75258    -5.07112     3.80161    -7.94764   -6.24641
2     2.37145     8.74166     1.05017    -3.06887    -1.55961    9.78775
3     4.28852    -7.93537    -3.01949    -1.94785     2.42276   -5.91292
4     0.516588   -2.53529     3.08705     1.55805     4.70576   -5.27025
5     5.33821     1.59033     0.774624    7.87721     1.23577   -0.21015
6    -7.34178     5.49357     6.9576     -1.96413    -6.73684   -7.26638
7    -5.50499     8.95391     1.13777    -2.70726     7.78232    9.77072
8     9.72656     1.42239     1.96155    -3.81906    -6.82845    8.75605
9    -3.78064    -0.108988    2.65113     4.6362      7.1416    -0.408238
10   -4.80519    -4.6432     -0.799506   -0.297379   -8.24558    7.71715
11    8.58262     4.14064     0.795365    6.01832    -8.68206   -6.01305
12   -8.45403    -1.6381      6.26795    -5.67524    -4.89067    6.82909

:       7           8           9        :=
1    -2.88398   -7.37902     1.58495
2     7.35633    8.85143    -6.36133
3     4.39753   -8.7104     -8.6134
4    -3.26534    3.66111    -8.55885
5     7.31919   -6.38439    -5.54038
6     6.41164    5.51285    -4.53483
7     3.24672    8.05777     4.22875
8     2.62297    2.00735     8.42936
9    -8.11467   -2.05395     7.5891
10    2.50512    1.88278     1.29398
11    8.34871   -0.186959    0.136492
12   -1.58828   -5.37573    -9.54403

 [*,*,3]
:       1           2          3          4           5           6         :=
1     2.93879   -4.53469     6.1447     5.25268    3.98059    -4.63856
2     8.20215    1.40011    -3.98995    4.06537    0.256629    7.95028
3     1.1372     0.587658    8.44986   -7.55143   -2.44071     7.67766
4     8.77527    9.17473    -1.05004    8.10635   -2.12481    -4.90162
5    -8.06974    8.62132    -5.83732   -9.87777    0.694017    6.6667
6     4.8242     3.74385     6.62132    7.53476    1.89153    -0.301594
7    -4.83415    5.2576      6.38388   -3.72275   -7.11079    -9.15489
8     3.26718   -8.18293    -2.1321    -5.41516    8.52702     2.46237
9    -5.00444   -0.524265    5.98427    1.16124    0.473633    0.0155405
10   -3.59338    9.04978     4.82657   -3.11488   -6.80589    -3.25724
11    7.45371    0.571701    9.61503    4.67192   -6.29855     2.59398
12    4.23856    9.89045     2.92735    9.7863     3.37642     1.04159

:        7           8           9        :=
1    -4.58838    -7.66754    -6.97064
2     3.28829     8.90905    -7.2102
3    -7.13374    -0.929009    2.59174
4    -2.00273     0.63547     0.117219
5    -7.00855    -7.34525    -1.90586
6     3.25608     9.98327    -6.3807
7    -0.448577   -2.00839    -4.27119
8     5.79549    -6.79817     9.25137
9    -1.91236    -4.11875     9.90773
10    7.08863     3.54573    -5.3969
11   -2.17571     0.373593   -1.0846
12   -1.33621    -5.6056     -0.162852

 [*,*,4]
:       1           2           3           4            5          6        :=
1    -2.86245   -7.51357     0.390836    1.50153     -3.70298     1.20073
2    -3.83129   -5.07202    -1.52151    -0.0976348   -9.51837    -9.23457
3     1.30821    5.74247    -0.333308   -3.73786     -2.74115     4.47243
4    -8.29088   -3.55608    -3.84377     2.86341     -8.6197     -9.37078
5    -1.03687    2.26499    -9.8548     -1.57363      0.923719   -2.95711
6    -3.77762   -4.63843     3.63633    -7.57151     -5.63329    -1.12241
7    -5.09477   -2.89533    -8.50544    -4.87702     -0.152717    3.04774
8     4.50406    0.970428   -3.28347     7.4833      -2.60433    -4.21776
9    -2.11494    8.0407      4.85346     3.139        9.55413     2.86985
10   -7.20227    0.214999   -4.27751     2.53186      4.25832     5.49626
11   -8.32896   -8.12524    -8.00047    -7.58083     -5.33135     1.2452
12    1.61013    3.49609     8.54055    -5.66519     -0.648726   -8.68406

:        7           8            9        :=
1     5.07942    -8.79452     -3.62144
2     9.09651     0.0510662   -9.32714
3     0.842739    7.20009      0.504046
4    -1.87247     8.01748      2.29031
5     3.30194     4.73974      0.226886
6     6.28333     5.89767      8.30567
7    -3.21217     7.78874      1.00136
8     1.17714    -1.83951     -9.05761
9     7.41539     7.55742     -6.70076
10    0.895775    7.30357     -2.02162
11    3.29726     7.39397      4.36611
12    5.33856     5.56297      4.05179

 [*,*,5]
:       1           2           3           4           5          6        :=
1     6.89928   -4.07857    -5.06165     7.85618     3.17304    -2.76787
2    -9.65223   -4.6889      9.50939    -1.72299     8.79003    -5.99272
3    -6.05505   -8.19232     8.35253    -1.47195     1.82473    -3.13063
4    -8.77305    3.79564    -0.995957    3.46454    -7.96482     5.12747
5    -9.67057    1.17403     3.19347     0.904051   -8.95373     6.73901
6     2.23512   -0.812075    1.45442    -6.72855     7.13839     5.13681
7     5.29828    4.58155    -3.72439    -1.24041    -2.26182    -1.78618
8     6.8394     8.97512    -2.00213    -7.99967    -3.94228    -3.07218
9     8.1324    -5.13754    -4.10594    -8.5784     -3.36942    -4.53773
10   -7.47673    1.46907     5.96973    -0.32733     3.44519     5.62501
11    6.35672    2.37222     3.71741    -5.75127    -0.778209    7.44717
12   -6.96312   -7.83859    -0.110369    3.84373     3.04998    -8.78198

:        7          8           9         :=
1    -8.8264     -3.84281   -7.52456
2    -3.86025    -3.51538   -0.776344
3    -8.22844    -2.33502   -3.52914
4     1.85318     3.72823    3.92534
5     0.5383      6.21202    0.0769528
6     9.56959     3.99993    7.37681
7    -9.17434     3.10113   -0.644233
8    -9.32276     2.46683   -5.14144
9     1.12274    -5.66481   -9.14537
10    7.54731    -8.29833   -7.55702
11    7.14047    -8.56433    7.36745
12    0.799253   -6.30356    8.68105
;

C [*,*,1]
:       1           2           3          4          5           6        :=
1    -6.02168   -6.84007    -8.41091    -9.07925   -2.28375    8.67787
2     9.67388    7.0213      3.41271     2.20746    1.58892   -1.36372
3    -5.11539    5.36612    -9.62683    -9.57807    7.94423    8.35436
4    -0.51881    1.41216    -1.30917     9.46724    4.86458    4.87382
5    -4.38705   -3.10241     1.89065    -0.99457    4.29486   -0.220239
6     7.02522   -8.15377    -8.80207    -6.82704    8.11173   -9.48023
7    -4.98099   -5.63635     4.35439     1.70153    2.8651     3.09683
8    -7.89542    0.425717   -0.876775    3.81819    6.1688     8.62586
9     8.09391    0.54789     8.56384    -1.71145    1.12077    6.42759
10    8.51392   -7.771      -5.87306    -6.10189   -8.75025    4.45087
11   -9.17415    4.20573    -6.12822     1.45265    6.26013   -2.76647
12    4.37192   -0.490673   -6.84518    -6.99062   -2.21746    4.57045

:        7           8          9        :=
1    -4.07842    -5.9842      9.1848
2    -0.794893   -7.39583    -4.16063
3    -2.69668     5.52798     4.69456
4     9.76269    -2.73691    -2.81909
5    -3.46622    -9.2626     -3.90677
6    -0.510766    0.623741   -2.10787
7    -8.53029    -8.86689    -7.19
8    -7.52925    -4.24295     8.34075
9     7.13874     1.29269    -9.00283
10   -6.03954    -7.47019    -6.5194
11   -0.946233    9.79873    -2.59615
12    1.78861     5.23775     5.05509

 [*,*,2]
:        1           2           3          4           5           6        :=
1    -4.40987    -5.9329      4.9104     -7.85223   -4.305       9.12726
2    -8.8877      3.33404     8.91101     4.43826   -3.01036    -3.75464
3     7.14495    -0.450647   -7.95053     2.4487     6.07562     3.17199
4     5.7059     -8.34321     2.56936     8.0812     8.14963     7.38854
5     9.79151     8.70803    -0.992215    9.96305    1.41478    -4.11776
6    -0.301395    3.68004    -3.71954     3.24199   -3.94177    -8.2693
7     3.4454      9.94729     4.18268     9.09551   -4.28099     6.05867
8     6.38669    -6.38978     4.03994    -7.58425   -8.86513    -0.859673
9    -0.399795   -7.12489     4.24452     1.60058   -4.14689     3.95469
10   -3.41377    -2.91552    -6.8936     -2.81333    6.56228    -6.73101
11    6.3802     -6.426      -1.02561     9.02041   -0.350989    5.90315
12   -3.61284     9.47228     4.99381     1.43812   -8.11771    -1.66589

:        7           8           9        :=
1    -6.7882     -1.91403    -3.86089
2     3.96396     3.12669     0.684908
3     3.1312      0.121718   -4.80258
4     0.706834    8.74193     6.39613
5    -7.8712     -6.54137    -7.13327
6     7.91792     3.61875     6.94698
7     8.51981    -4.89148     0.588018
8     1.82967     9.11197    -1.87644
9    -5.30499    -5.73803     9.40898
10   -6.17516    -7.82087    -8.71621
11   -6.34546    -0.481289    8.93242
12   -4.66579     6.51169     5.41671

 [*,*,3]
:       1          2           3           4           5           6        :=
1     2.96912    9.50015    2.94055    -9.66911     9.14612     8.28161
2     6.4625    -7.38495   -5.42513     2.10779     3.36872    -0.14885
3    -8.8131     1.70676    9.47957     1.31343    -8.75611     0.323082
4     5.74652    9.58455    6.80443     0.326707    4.4737     -8.52561
5    -4.66463    5.5818    -0.300987    8.7551      5.62614    -0.601768
6    -5.87544    0.71975   -4.79331    -9.44352     9.15583    -3.83846
7     1.43046   -4.23173    5.90005     6.98318     1.67087    -7.55127
8     6.8576     3.76209   -1.32455     1.56112    -1.2861      4.24559
9    -1.05457   -2.07845    2.04849    -8.02154    -7.23713     6.49519
10    7.48721    8.65545   -1.72877     7.07763     5.93109     8.91598
11    7.76864   -4.41104   -0.838995   -9.89231     0.948183   -4.58284
12   -5.39108    6.17182    3.47883    -2.07328     7.90243    -2.3491

:        7          8          9        :=
1     1.94288    -8.32795   -5.2768
2     0.19009    -2.56802   -6.51892
3     7.36642    -2.21203   -8.46273
4     6.39953    -6.78854   -6.12459
5     3.4347      1.5539     0.23693
6    -5.05198    -4.20277    0.25575
7     0.730358   -6.09239    3.67242
8     4.77657    -8.89077    7.34657
9     9.3197      9.25075   -9.28046
10   -8.71411    -4.23067   -9.82622
11    3.51854     1.10778    5.41189
12   -8.91884     9.40371    5.74679

 [*,*,4]
:        1           2          3           4           5            6       :=
1    -0.306394    -2.00104   -2.79051   -3.90052    -9.55588      3.79372
2     8.74232     -2.04178   -9.55384    8.64424    -6.36808     -0.372306
3    -5.80365      1.73926    3.70818    4.89648     2.07417     -0.0649768
4     4.03523      8.36905   -9.26798   -0.873096    2.65995      4.49886
5    -7.31271     -6.95755    8.85825    9.13072     5.01817     -8.3544
6    -8.37143     -1.95998   -9.36626    9.37261    -3.03955      2.80397
7    -9.82829     -7.17048   -9.58745   -6.68255     7.92454     -1.71474
8     0.0938701   -6.8502    -5.5721     0.45317    -2.87299      8.06567
9    -3.43694     -4.03674    5.89332   -4.69502    -1.58775      7.81821
10    7.61218     -5.537      2.94414    9.54915     5.61424      2.3434
11    2.70665     -1.16883    4.71014   -7.05051     0.0509723   -9.83016
12    0.393739     8.88735   -8.27565   -1.20003    -4.70984      4.86124

:        7          8          9        :=
1    -6.61271    -7.75759   -5.38378
2     3.72196     4.58629   -2.86875
3    -3.61832     9.37052   -3.04574
4    -8.46926    -8.32991    2.17101
5     0.894621   -5.15047   -5.88595
6    -8.9891      3.73729   -3.40983
7     8.58629     4.47107    0.22363
8     2.96413     1.56401    3.73452
9     8.10469    -2.3277     1.46311
10   -6.64456    -8.92745   -9.86857
11    5.78809    -1.3215     4.71814
12   -4.877       6.46661   -6.70024

 [*,*,5]
:        1           2          3          4           5           6        :=
1     8.9126     -7.02948     9.28244    8.17118   -0.651095   -2.83617
2     6.28106     6.33232    -7.52992   -6.58517    9.90479     1.86091
3    -0.164088   -9.85295    -8.68658    5.20373   -0.508373    7.64788
4     1.51106     0.418962   -4.463      1.04173    8.68876     4.6782
5     3.85246    -3.83359     8.45194    7.75994   -1.95091    -7.87432
6    -4.64568     5.01125    -3.57725    3.3621     0.915232    0.797852
7     9.77833    -2.99895    -6.68227   -7.00436   -7.44747    -4.53097
8     4.11645     8.56187     8.8603     7.25635    3.32666    -8.88645
9     0.78516    -3.33723     5.82098    8.1641     0.776304    6.97963
10   -0.334855    8.28312    -4.6462    -4.07475    0.318721    2.79774
11    0.23868    -0.791793    7.24615    5.34478    0.323569    6.47219
12   -3.11493     8.63669    -7.30547   -1.10927   -3.97405     0.815876

:        7           8           9         :=
1     2.79523     4.31958     5.14314
2     9.86601    -0.667899    9.52038
3    -0.640791    6.53419     0.0702645
4     5.3504      4.44394     9.94738
5     3.60557    -4.43226    -6.12961
6    -8.53264    -9.42145    -7.43201
7     6.43147    -0.314996   -5.11812
8     1.3241      7.28723     1.68906
9    -1.38677    -3.55782    -7.63947
10   -4.07274    -8.13229    -3.17587
11   -9.17532     8.30816     2.76974
12   -9.73768     1.40708     9.80861
;

p [*] :=
 1  0.0788995
 2  0.0788995
 3  0.0788995
 4  0.0788995
 5  0.0788995
 6  0.0788995
 7  0.0788995
 8  0.0788995
 9  0.0788995
10  0.0788995
11  0.0788995
12  0.0788995
;

M = 1000

x [*] :=
1  0
2  0.576144
3  0.154179
4  0
5  0.103229
6  0
7  0
8  0.166448
9  0
;

q [*,*]
:    1   2   3   4   5    :=
1    0   0   1   0   0
2    0   1   0   0   0
3    0   0   0   1   0
4    0   0   1   0   0
5    0   0   1   0   0
6    0   1   0   0   0
7    0   1   0   0   0
8    0   0   0   0   1
9    1   0   0   0   0
10   0   0   1   0   0
11   1   0   0   0   0
12   0   0   1   0   0
;

d [*] :=
 1  -2.53059
 2   6.51067
 3   4.17258
 4   5.0105
 5   2.91617
 6   4.45996
 7   7.47872
 8   4.86592
 9  -1.56551
10   5.84574
11   5.44507
12   5.56516
;

a [*] :=
 1  5.48479
 2  3.50445
 3  3.34761
 4  5.90305
 5  4.00894
 6  1.74219
 7  5.11985
 8  7.85529
 9  1.96689
10  4.62832
11  3.75548
12  6.47321
;

funcion = 3.80094

num_adv = 12.6744

num_acc_adv = 5.09496

num_acc_lid = 9.90504

R [*,*,1]
:        1           2           3           4           5          6        :=
1    -9.9863     -4.04067    -0.639821   -0.468517   -7.71788     1.86212
2    -0.741723   -5.47579     8.54873     5.62786    -3.80193    -5.47956
3     6.96371     3.67382     0.573012   -9.10788     0.681606   -8.95795
4    -3.26323     0.887612    7.00296     3.87561    -8.57815    -7.5471
5    -2.6393      1.2217      0.162117   -9.11323     3.27134     9.64499
6     6.59152     7.48092    -4.94675    -6.05353     5.0298      3.14038
7    -9.23281     6.70078    -4.37943     8.3636      5.47626     3.06695
8    -2.91401    -6.69614     1.1542      0.405252    1.17641     4.20048
9    -1.99989    -1.25609    -7.98751     6.18527     0.814972    4.32963
10    4.99515     0.768684   -6.90519    -3.69738     7.21174     8.52487
11   -1.80573     9.35288     7.76393     4.90215    -2.09135     7.81559
12   -6.6717      9.18217     7.81889    -9.28303    -9.96256     8.58092

:        7          8          9        :=
1    -9.31382     2.38703    8.73159
2    -7.46446    -3.47027   -7.55649
3     6.62479    -9.42667   -4.91697
4     0.553577   -5.25237   -2.52112
5     5.68874     8.5717     5.06113
6     3.68437    -9.66988    3.01984
7    -7.7553      8.83166   -2.50311
8    -7.0064     -7.89741    4.10174
9     9.29125     1.8357    -7.99345
10   -5.8458     -6.87976   -6.6506
11    0.805027   -5.55534   -7.87135
12   -4.29144     1.26841   -3.4153

 [*,*,2]
:        1           2           3           4          5           6        :=
1    -0.554772   -1.75258    -5.07112     3.80161    -7.94764   -6.24641
2     2.37145     8.74166     1.05017    -3.06887    -1.55961    9.78775
3     4.28852    -7.93537    -3.01949    -1.94785     2.42276   -5.91292
4     0.516588   -2.53529     3.08705     1.55805     4.70576   -5.27025
5     5.33821     1.59033     0.774624    7.87721     1.23577   -0.21015
6    -7.34178     5.49357     6.9576     -1.96413    -6.73684   -7.26638
7    -5.50499     8.95391     1.13777    -2.70726     7.78232    9.77072
8     9.72656     1.42239     1.96155    -3.81906    -6.82845    8.75605
9    -3.78064    -0.108988    2.65113     4.6362      7.1416    -0.408238
10   -4.80519    -4.6432     -0.799506   -0.297379   -8.24558    7.71715
11    8.58262     4.14064     0.795365    6.01832    -8.68206   -6.01305
12   -8.45403    -1.6381      6.26795    -5.67524    -4.89067    6.82909

:       7           8           9        :=
1    -2.88398   -7.37902     1.58495
2     7.35633    8.85143    -6.36133
3     4.39753   -8.7104     -8.6134
4    -3.26534    3.66111    -8.55885
5     7.31919   -6.38439    -5.54038
6     6.41164    5.51285    -4.53483
7     3.24672    8.05777     4.22875
8     2.62297    2.00735     8.42936
9    -8.11467   -2.05395     7.5891
10    2.50512    1.88278     1.29398
11    8.34871   -0.186959    0.136492
12   -1.58828   -5.37573    -9.54403

 [*,*,3]
:       1           2          3          4           5           6         :=
1     2.93879   -4.53469     6.1447     5.25268    3.98059    -4.63856
2     8.20215    1.40011    -3.98995    4.06537    0.256629    7.95028
3     1.1372     0.587658    8.44986   -7.55143   -2.44071     7.67766
4     8.77527    9.17473    -1.05004    8.10635   -2.12481    -4.90162
5    -8.06974    8.62132    -5.83732   -9.87777    0.694017    6.6667
6     4.8242     3.74385     6.62132    7.53476    1.89153    -0.301594
7    -4.83415    5.2576      6.38388   -3.72275   -7.11079    -9.15489
8     3.26718   -8.18293    -2.1321    -5.41516    8.52702     2.46237
9    -5.00444   -0.524265    5.98427    1.16124    0.473633    0.0155405
10   -3.59338    9.04978     4.82657   -3.11488   -6.80589    -3.25724
11    7.45371    0.571701    9.61503    4.67192   -6.29855     2.59398
12    4.23856    9.89045     2.92735    9.7863     3.37642     1.04159

:        7           8           9        :=
1    -4.58838    -7.66754    -6.97064
2     3.28829     8.90905    -7.2102
3    -7.13374    -0.929009    2.59174
4    -2.00273     0.63547     0.117219
5    -7.00855    -7.34525    -1.90586
6     3.25608     9.98327    -6.3807
7    -0.448577   -2.00839    -4.27119
8     5.79549    -6.79817     9.25137
9    -1.91236    -4.11875     9.90773
10    7.08863     3.54573    -5.3969
11   -2.17571     0.373593   -1.0846
12   -1.33621    -5.6056     -0.162852

 [*,*,4]
:       1           2           3           4            5          6        :=
1    -2.86245   -7.51357     0.390836    1.50153     -3.70298     1.20073
2    -3.83129   -5.07202    -1.52151    -0.0976348   -9.51837    -9.23457
3     1.30821    5.74247    -0.333308   -3.73786     -2.74115     4.47243
4    -8.29088   -3.55608    -3.84377     2.86341     -8.6197     -9.37078
5    -1.03687    2.26499    -9.8548     -1.57363      0.923719   -2.95711
6    -3.77762   -4.63843     3.63633    -7.57151     -5.63329    -1.12241
7    -5.09477   -2.89533    -8.50544    -4.87702     -0.152717    3.04774
8     4.50406    0.970428   -3.28347     7.4833      -2.60433    -4.21776
9    -2.11494    8.0407      4.85346     3.139        9.55413     2.86985
10   -7.20227    0.214999   -4.27751     2.53186      4.25832     5.49626
11   -8.32896   -8.12524    -8.00047    -7.58083     -5.33135     1.2452
12    1.61013    3.49609     8.54055    -5.66519     -0.648726   -8.68406

:        7           8            9        :=
1     5.07942    -8.79452     -3.62144
2     9.09651     0.0510662   -9.32714
3     0.842739    7.20009      0.504046
4    -1.87247     8.01748      2.29031
5     3.30194     4.73974      0.226886
6     6.28333     5.89767      8.30567
7    -3.21217     7.78874      1.00136
8     1.17714    -1.83951     -9.05761
9     7.41539     7.55742     -6.70076
10    0.895775    7.30357     -2.02162
11    3.29726     7.39397      4.36611
12    5.33856     5.56297      4.05179

 [*,*,5]
:       1           2           3           4           5          6        :=
1     6.89928   -4.07857    -5.06165     7.85618     3.17304    -2.76787
2    -9.65223   -4.6889      9.50939    -1.72299     8.79003    -5.99272
3    -6.05505   -8.19232     8.35253    -1.47195     1.82473    -3.13063
4    -8.77305    3.79564    -0.995957    3.46454    -7.96482     5.12747
5    -9.67057    1.17403     3.19347     0.904051   -8.95373     6.73901
6     2.23512   -0.812075    1.45442    -6.72855     7.13839     5.13681
7     5.29828    4.58155    -3.72439    -1.24041    -2.26182    -1.78618
8     6.8394     8.97512    -2.00213    -7.99967    -3.94228    -3.07218
9     8.1324    -5.13754    -4.10594    -8.5784     -3.36942    -4.53773
10   -7.47673    1.46907     5.96973    -0.32733     3.44519     5.62501
11    6.35672    2.37222     3.71741    -5.75127    -0.778209    7.44717
12   -6.96312   -7.83859    -0.110369    3.84373     3.04998    -8.78198

:        7          8           9         :=
1    -8.8264     -3.84281   -7.52456
2    -3.86025    -3.51538   -0.776344
3    -8.22844    -2.33502   -3.52914
4     1.85318     3.72823    3.92534
5     0.5383      6.21202    0.0769528
6     9.56959     3.99993    7.37681
7    -9.17434     3.10113   -0.644233
8    -9.32276     2.46683   -5.14144
9     1.12274    -5.66481   -9.14537
10    7.54731    -8.29833   -7.55702
11    7.14047    -8.56433    7.36745
12    0.799253   -6.30356    8.68105
;

C [*,*,1]
:       1           2           3          4          5           6        :=
1    -6.02168   -6.84007    -8.41091    -9.07925   -2.28375    8.67787
2     9.67388    7.0213      3.41271     2.20746    1.58892   -1.36372
3    -5.11539    5.36612    -9.62683    -9.57807    7.94423    8.35436
4    -0.51881    1.41216    -1.30917     9.46724    4.86458    4.87382
5    -4.38705   -3.10241     1.89065    -0.99457    4.29486   -0.220239
6     7.02522   -8.15377    -8.80207    -6.82704    8.11173   -9.48023
7    -4.98099   -5.63635     4.35439     1.70153    2.8651     3.09683
8    -7.89542    0.425717   -0.876775    3.81819    6.1688     8.62586
9     8.09391    0.54789     8.56384    -1.71145    1.12077    6.42759
10    8.51392   -7.771      -5.87306    -6.10189   -8.75025    4.45087
11   -9.17415    4.20573    -6.12822     1.45265    6.26013   -2.76647
12    4.37192   -0.490673   -6.84518    -6.99062   -2.21746    4.57045

:        7           8          9        :=
1    -4.07842    -5.9842      9.1848
2    -0.794893   -7.39583    -4.16063
3    -2.69668     5.52798     4.69456
4     9.76269    -2.73691    -2.81909
5    -3.46622    -9.2626     -3.90677
6    -0.510766    0.623741   -2.10787
7    -8.53029    -8.86689    -7.19
8    -7.52925    -4.24295     8.34075
9     7.13874     1.29269    -9.00283
10   -6.03954    -7.47019    -6.5194
11   -0.946233    9.79873    -2.59615
12    1.78861     5.23775     5.05509

 [*,*,2]
:        1           2           3          4           5           6        :=
1    -4.40987    -5.9329      4.9104     -7.85223   -4.305       9.12726
2    -8.8877      3.33404     8.91101     4.43826   -3.01036    -3.75464
3     7.14495    -0.450647   -7.95053     2.4487     6.07562     3.17199
4     5.7059     -8.34321     2.56936     8.0812     8.14963     7.38854
5     9.79151     8.70803    -0.992215    9.96305    1.41478    -4.11776
6    -0.301395    3.68004    -3.71954     3.24199   -3.94177    -8.2693
7     3.4454      9.94729     4.18268     9.09551   -4.28099     6.05867
8     6.38669    -6.38978     4.03994    -7.58425   -8.86513    -0.859673
9    -0.399795   -7.12489     4.24452     1.60058   -4.14689     3.95469
10   -3.41377    -2.91552    -6.8936     -2.81333    6.56228    -6.73101
11    6.3802     -6.426      -1.02561     9.02041   -0.350989    5.90315
12   -3.61284     9.47228     4.99381     1.43812   -8.11771    -1.66589

:        7           8           9        :=
1    -6.7882     -1.91403    -3.86089
2     3.96396     3.12669     0.684908
3     3.1312      0.121718   -4.80258
4     0.706834    8.74193     6.39613
5    -7.8712     -6.54137    -7.13327
6     7.91792     3.61875     6.94698
7     8.51981    -4.89148     0.588018
8     1.82967     9.11197    -1.87644
9    -5.30499    -5.73803     9.40898
10   -6.17516    -7.82087    -8.71621
11   -6.34546    -0.481289    8.93242
12   -4.66579     6.51169     5.41671

 [*,*,3]
:       1          2           3           4           5           6        :=
1     2.96912    9.50015    2.94055    -9.66911     9.14612     8.28161
2     6.4625    -7.38495   -5.42513     2.10779     3.36872    -0.14885
3    -8.8131     1.70676    9.47957     1.31343    -8.75611     0.323082
4     5.74652    9.58455    6.80443     0.326707    4.4737     -8.52561
5    -4.66463    5.5818    -0.300987    8.7551      5.62614    -0.601768
6    -5.87544    0.71975   -4.79331    -9.44352     9.15583    -3.83846
7     1.43046   -4.23173    5.90005     6.98318     1.67087    -7.55127
8     6.8576     3.76209   -1.32455     1.56112    -1.2861      4.24559
9    -1.05457   -2.07845    2.04849    -8.02154    -7.23713     6.49519
10    7.48721    8.65545   -1.72877     7.07763     5.93109     8.91598
11    7.76864   -4.41104   -0.838995   -9.89231     0.948183   -4.58284
12   -5.39108    6.17182    3.47883    -2.07328     7.90243    -2.3491

:        7          8          9        :=
1     1.94288    -8.32795   -5.2768
2     0.19009    -2.56802   -6.51892
3     7.36642    -2.21203   -8.46273
4     6.39953    -6.78854   -6.12459
5     3.4347      1.5539     0.23693
6    -5.05198    -4.20277    0.25575
7     0.730358   -6.09239    3.67242
8     4.77657    -8.89077    7.34657
9     9.3197      9.25075   -9.28046
10   -8.71411    -4.23067   -9.82622
11    3.51854     1.10778    5.41189
12   -8.91884     9.40371    5.74679

 [*,*,4]
:        1           2          3           4           5            6       :=
1    -0.306394    -2.00104   -2.79051   -3.90052    -9.55588      3.79372
2     8.74232     -2.04178   -9.55384    8.64424    -6.36808     -0.372306
3    -5.80365      1.73926    3.70818    4.89648     2.07417     -0.0649768
4     4.03523      8.36905   -9.26798   -0.873096    2.65995      4.49886
5    -7.31271     -6.95755    8.85825    9.13072     5.01817     -8.3544
6    -8.37143     -1.95998   -9.36626    9.37261    -3.03955      2.80397
7    -9.82829     -7.17048   -9.58745   -6.68255     7.92454     -1.71474
8     0.0938701   -6.8502    -5.5721     0.45317    -2.87299      8.06567
9    -3.43694     -4.03674    5.89332   -4.69502    -1.58775      7.81821
10    7.61218     -5.537      2.94414    9.54915     5.61424      2.3434
11    2.70665     -1.16883    4.71014   -7.05051     0.0509723   -9.83016
12    0.393739     8.88735   -8.27565   -1.20003    -4.70984      4.86124

:        7          8          9        :=
1    -6.61271    -7.75759   -5.38378
2     3.72196     4.58629   -2.86875
3    -3.61832     9.37052   -3.04574
4    -8.46926    -8.32991    2.17101
5     0.894621   -5.15047   -5.88595
6    -8.9891      3.73729   -3.40983
7     8.58629     4.47107    0.22363
8     2.96413     1.56401    3.73452
9     8.10469    -2.3277     1.46311
10   -6.64456    -8.92745   -9.86857
11    5.78809    -1.3215     4.71814
12   -4.877       6.46661   -6.70024

 [*,*,5]
:        1           2          3          4           5           6        :=
1     8.9126     -7.02948     9.28244    8.17118   -0.651095   -2.83617
2     6.28106     6.33232    -7.52992   -6.58517    9.90479     1.86091
3    -0.164088   -9.85295    -8.68658    5.20373   -0.508373    7.64788
4     1.51106     0.418962   -4.463      1.04173    8.68876     4.6782
5     3.85246    -3.83359     8.45194    7.75994   -1.95091    -7.87432
6    -4.64568     5.01125    -3.57725    3.3621     0.915232    0.797852
7     9.77833    -2.99895    -6.68227   -7.00436   -7.44747    -4.53097
8     4.11645     8.56187     8.8603     7.25635    3.32666    -8.88645
9     0.78516    -3.33723     5.82098    8.1641     0.776304    6.97963
10   -0.334855    8.28312    -4.6462    -4.07475    0.318721    2.79774
11    0.23868    -0.791793    7.24615    5.34478    0.323569    6.47219
12   -3.11493     8.63669    -7.30547   -1.10927   -3.97405     0.815876

:        7           8           9         :=
1     2.79523     4.31958     5.14314
2     9.86601    -0.667899    9.52038
3    -0.640791    6.53419     0.0702645
4     5.3504      4.44394     9.94738
5     3.60557    -4.43226    -6.12961
6    -8.53264    -9.42145    -7.43201
7     6.43147    -0.314996   -5.11812
8     1.3241      7.28723     1.68906
9    -1.38677    -3.55782    -7.63947
10   -4.07274    -8.13229    -3.17587
11   -9.17532     8.30816     2.76974
12   -9.73768     1.40708     9.80861
;

p [*] :=
 1  0.0788995
 2  0.0788995
 3  0.0788995
 4  0.0788995
 5  0.0788995
 6  0.0788995
 7  0.0788995
 8  0.0788995
 9  0.0788995
10  0.0788995
11  0.0788995
12  0.0788995
;

M = 1000

z [*,*,1]
:    1      2          3       4      5       6   7      8       9    :=
1    0   0          0          0   0          0   0   0          0
2    0   0          0          0   0          0   0   0          0
3    0   0          0          0   0          0   0   0          0
4    0   0          0          0   0          0   0   0          0
5    0   0          0          0   0          0   0   0          0
6    0   0          0          0   0          0   0   0          0
7    0   0          0          0   0          0   0   0          0
8    0   0          0          0   0          0   0   0          0
9    0   0.576144   0.154179   0   0.103229   0   0   0.166448   0
10   0   0          0          0   0          0   0   0          0
11   0   0.576144   0.154179   0   0.103229   0   0   0.166448   0
12   0   0          0          0   0          0   0   0          0

 [*,*,2]
:    1      2          3       4      5       6   7      8       9    :=
1    0   0          0          0   0          0   0   0          0
2    0   0.576144   0.154179   0   0.103229   0   0   0.166448   0
3    0   0          0          0   0          0   0   0          0
4    0   0          0          0   0          0   0   0          0
5    0   0          0          0   0          0   0   0          0
6    0   0.576144   0.154179   0   0.103229   0   0   0.166448   0
7    0   0.576144   0.154179   0   0.103229   0   0   0.166448   0
8    0   0          0          0   0          0   0   0          0
9    0   0          0          0   0          0   0   0          0
10   0   0          0          0   0          0   0   0          0
11   0   0          0          0   0          0   0   0          0
12   0   0          0          0   0          0   0   0          0

 [*,*,3]
:    1      2          3       4      5       6   7      8       9    :=
1    0   0.576144   0.154179   0   0.103229   0   0   0.166448   0
2    0   0          0          0   0          0   0   0          0
3    0   0          0          0   0          0   0   0          0
4    0   0.576144   0.154179   0   0.103229   0   0   0.166448   0
5    0   0.576144   0.154179   0   0.103229   0   0   0.166448   0
6    0   0          0          0   0          0   0   0          0
7    0   0          0          0   0          0   0   0          0
8    0   0          0          0   0          0   0   0          0
9    0   0          0          0   0          0   0   0          0
10   0   0.576144   0.154179   0   0.103229   0   0   0.166448   0
11   0   0          0          0   0          0   0   0          0
12   0   0.576144   0.154179   0   0.103229   0   0   0.166448   0

 [*,*,4]
:    1      2          3       4      5       6   7      8       9    :=
1    0   0          0          0   0          0   0   0          0
2    0   0          0          0   0          0   0   0          0
3    0   0.576144   0.154179   0   0.103229   0   0   0.166448   0
4    0   0          0          0   0          0   0   0          0
5    0   0          0          0   0          0   0   0          0
6    0   0          0          0   0          0   0   0          0
7    0   0          0          0   0          0   0   0          0
8    0   0          0          0   0          0   0   0          0
9    0   0          0          0   0          0   0   0          0
10   0   0          0          0   0          0   0   0          0
11   0   0          0          0   0          0   0   0          0
12   0   0          0          0   0          0   0   0          0

 [*,*,5]
:    1      2          3       4      5       6   7      8       9    :=
1    0   0          0          0   0          0   0   0          0
2    0   0          0          0   0          0   0   0          0
3    0   0          0          0   0          0   0   0          0
4    0   0          0          0   0          0   0   0          0
5    0   0          0          0   0          0   0   0          0
6    0   0          0          0   0          0   0   0          0
7    0   0          0          0   0          0   0   0          0
8    0   0.576144   0.154179   0   0.103229   0   0   0.166448   0
9    0   0          0          0   0          0   0   0          0
10   0   0          0          0   0          0   0   0          0
11   0   0          0          0   0          0   0   0          0
12   0   0          0          0   0          0   0   0          0
;

q [*,*]
:    1   2   3   4   5    :=
1    0   0   1   0   0
2    0   1   0   0   0
3    0   0   0   1   0
4    0   0   1   0   0
5    0   0   1   0   0
6    0   1   0   0   0
7    0   1   0   0   0
8    0   0   0   0   1
9    1   0   0   0   0
10   0   0   1   0   0
11   1   0   0   0   0
12   0   0   1   0   0
;

funcion = 3.80094

