8.037309 4.340079 10.659921
9.572329 2.586512 12.413488
10.236924 13.183948 1.816052
1.155458 6.400714 5.538252
2.885318 5.046846 7.715706
5.385823 7.668468 4.096440
9.259131 6.361702 1.989975
3.793306 4.685930 3.535753
2.027933 2.020367 9.562311
4.251676 4.688775 9.697241
1.633060 5.221187 3.663325
4.194456 3.351536 5.405426
9.894866 2.524216 3.789476
4.051538 6.732423 3.845616
9.087179 6.048347 5.893431
1.464384 1.664187 6.804770
3.088903 7.184611 1.224718
2.001916 8.048179 9.767423
9.260749 7.280036 6.326991
10.056390 10.003644 5.132475
2.149965 1.654445 8.997495
6.476087 7.914344 1.738759
9.947036 9.453671 10.218619
10.143945 9.196217 1.424100
7.221371 8.714249 4.585614
