0.042911
0.009645
0.004122000000000001
0.003818000000000002
,
0.031292
0.007611
0.0023370000000000057
0.0024240000000000025
,
0.378752
0.14296999999999993
0.0029649999999999954
0.006494
,
1.248677
0.1301420000000002
0.003850000000000131
0.008584000000000147
,
0.037406
0.024163000000000004
0.002726000000000006
0.0026429999999999926
,
0
0
0.007449000000000001
0
,
0.004682
0.007218000000000002
0.004163
0.0038000000000000013
,
0.304533
0.07157800000000003
0.002733000000000041
0.0034089999999999954
,
0.105119
0.09639000000000002
0.0028699999999999837
0.0067000000000000115
,
0.09230000000000001
0.051703
0.002711000000000019
0.004507000000000011
,
0.016454
0.005868000000000002
0.0027930000000000003
0.0026709999999999963
,
0.072632
0.034097
0.0035379999999999995
0.0038669999999999954
,
1.860959
0.12391900000000011
0.005330999999999975
0.015140000000000153
,
0.155871
0.06539799999999998
0.002688999999999997
0.0037629999999999886
,
0.050079
0.03451900000000001
0.0025290000000000035
0.002683000000000005
,
1.971688
0.16623900000000003
0.004001000000000143
0.00934899999999983
,
0.042540999999999995
0.03173600000000001
0.004078999999999999
0.0033019999999999994
,
